
2 2 2 2 
2 2 2 2 
1 1 3 3 
  4 4 1 
  4 4 1 

116

2 2 2 2 
2 2 2 2 
1 1 3 3 
4 4   1 
4 4   1 

115

2 2 2 2 
2 2 2 2 
1 1 3 3 
4 4 1   
4 4   1 

114

2 2 2 2 
2 2 2 2 
1 1 3 3 
4 4     
4 4 1 1 

113

2 2 2 2 
2 2 2 2 
1 1     
4 4 3 3 
4 4 1 1 

112

2 2 2 2 
2 2 2 2 
1   1   
4 4 3 3 
4 4 1 1 

111

2 2 2 2 
2 2 2 2 
1     1 
4 4 3 3 
4 4 1 1 

110

2 2 2 2 
2 2 2 2 
  1   1 
4 4 3 3 
4 4 1 1 

109

2 2 2 2 
2 2 2 2 
    1 1 
4 4 3 3 
4 4 1 1 

108

2 2 2 2 
2 2 2 2 
4 4 1 1 
4 4 3 3 
    1 1 

107

2 2 2 2 
2 2 2 2 
4 4 1 1 
4 4 3 3 
  1   1 

106

2 2 2 2 
2 2 2 2 
4 4 1 1 
4 4 3 3 
  1 1   

105

2 2 2 2 
2 2 2 2 
4 4 1 1 
4 4 3 3 
1   1   

104

2 2 2 2 
2 2 2 2 
4 4 1 1 
4 4 3 3 
1 1     

103

2 2 2 2 
2 2 2 2 
4 4 1 1 
4 4     
1 1 3 3 

102

2 2 2 2 
2 2 2 2 
4 4 1   
4 4   1 
1 1 3 3 

101

2 2 2 2 
2 2 2 2 
4 4   1 
4 4   1 
1 1 3 3 

100

2 2 2 2 
2 2 2 2 
  4 4 1 
  4 4 1 
1 1 3 3 

99

  2 2 2 
2 2 2 2 
2 4 4 1 
  4 4 1 
1 1 3 3 

98

  2 2 2 
  2 2 2 
2 4 4 1 
2 4 4 1 
1 1 3 3 

97

2   2 2 
2   2 2 
2 4 4 1 
2 4 4 1 
1 1 3 3 

96

2 2   2 
2 2   2 
2 4 4 1 
2 4 4 1 
1 1 3 3 

95

2 2 2   
2 2 2   
2 4 4 1 
2 4 4 1 
1 1 3 3 

94

2 2 2   
2 2 2 1 
2 4 4   
2 4 4 1 
1 1 3 3 

93

2 2 2   
2 2 2 1 
2 4 4 1 
2 4 4   
1 1 3 3 

92

2 2 2 1 
2 2 2   
2 4 4 1 
2 4 4   
1 1 3 3 

91

2 2 2 1 
2 2 2 1 
2 4 4   
2 4 4   
1 1 3 3 

90

2 2 2 1 
2 2 2 1 
2   4 4 
2   4 4 
1 1 3 3 

89

2   2 1 
2 2 2 1 
2 2 4 4 
2   4 4 
1 1 3 3 

88

2   2 1 
2   2 1 
2 2 4 4 
2 2 4 4 
1 1 3 3 

87

2 2   1 
2 2   1 
2 2 4 4 
2 2 4 4 
1 1 3 3 

86

2 2   1 
2 2 1   
2 2 4 4 
2 2 4 4 
1 1 3 3 

85

2 2 1 1 
2 2     
2 2 4 4 
2 2 4 4 
1 1 3 3 

84

2 2 1 1 
2 2 4 4 
2 2 4 4 
2 2     
1 1 3 3 

83

2 2 1 1 
2 2 4 4 
2 2 4 4 
2 2 3 3 
1 1     

82

2 2 1 1 
2 2 4 4 
2 2 4 4 
2 2 3 3 
1   1   

81

2 2 1 1 
2 2 4 4 
2 2 4 4 
2 2 3 3 
1     1 

80

2 2 1 1 
2 2 4 4 
2 2 4 4 
2 2 3 3 
  1   1 

79

2 2 1 1 
2 2 4 4 
2 2 4 4 
2 2 3 3 
    1 1 

78

2 2 1 1 
2 2 4 4 
2   4 4 
2 2 3 3 
  2 1 1 

77

2 2 1 1 
2 2 4 4 
    4 4 
2 2 3 3 
2 2 1 1 

76

2   1 1 
2 2 4 4 
  2 4 4 
2 2 3 3 
2 2 1 1 

75

    1 1 
2 2 4 4 
2 2 4 4 
2 2 3 3 
2 2 1 1 

74

  1   1 
2 2 4 4 
2 2 4 4 
2 2 3 3 
2 2 1 1 

73

  1 1   
2 2 4 4 
2 2 4 4 
2 2 3 3 
2 2 1 1 

72

1   1   
2 2 4 4 
2 2 4 4 
2 2 3 3 
2 2 1 1 

71

1 1     
2 2 4 4 
2 2 4 4 
2 2 3 3 
2 2 1 1 

70

1 1 4 4 
2 2 4 4 
2 2     
2 2 3 3 
2 2 1 1 

69

1 1 4 4 
2 2 4 4 
2 2 3 3 
2 2     
2 2 1 1 

68

1 1 4 4 
2 2 4 4 
2 2 3 3 
2 2 1   
2 2   1 

67

1 1 4 4 
2 2 4 4 
2 2 3 3 
2 2   1 
2 2   1 

66

1 1 4 4 
2 2 4 4 
2 2 3 3 
2   2 1 
2   2 1 

65

1 1 4 4 
2   4 4 
2 2 3 3 
2 2 2 1 
2   2 1 

64

1 1 4 4 
2   4 4 
2   3 3 
2 2 2 1 
2 2 2 1 

63

1 1 4 4 
2   4 4 
2 3 3   
2 2 2 1 
2 2 2 1 

62

1   4 4 
2 1 4 4 
2 3 3   
2 2 2 1 
2 2 2 1 

61

  1 4 4 
2 1 4 4 
2 3 3   
2 2 2 1 
2 2 2 1 

60

2 1 4 4 
2 1 4 4 
  3 3   
2 2 2 1 
2 2 2 1 

59

2 1 4 4 
2 1 4 4 
3 3     
2 2 2 1 
2 2 2 1 

58

2 1 4 4 
2 1 4 4 
3 3 2   
2 2 2 1 
2 2   1 

57

2 1 4 4 
2 1 4 4 
3 3 2   
2 2 2 1 
2 2 1   

56

2 1 4 4 
2 1 4 4 
3 3 2   
2 2 2   
2 2 1 1 

55

2 1 4 4 
2 1 4 4 
3 3   2 
2 2   2 
2 2 1 1 

54

2 1 4 4 
2 1 4 4 
3 3   2 
2 2 1 2 
2 2   1 

53

2 1 4 4 
2 1 4 4 
3 3   2 
2 2 1 2 
2 2 1   

52

2 1 4 4 
2 1 4 4 
3 3     
2 2 1 2 
2 2 1 2 

51

2 1 4 4 
2 1 4 4 
  3 3   
2 2 1 2 
2 2 1 2 

50

2 1 4 4 
2 1 4 4 
    3 3 
2 2 1 2 
2 2 1 2 

49

2 1 4 4 
2   4 4 
  1 3 3 
2 2 1 2 
2 2 1 2 

48

2 1 4 4 
2   4 4 
1   3 3 
2 2 1 2 
2 2 1 2 

47

2 1 4 4 
2   4 4 
1 2 3 3 
2 2 1 2 
2   1 2 

46

2 1 4 4 
2 2 4 4 
1 2 3 3 
2   1 2 
2   1 2 

45

2 1 4 4 
2 2 4 4 
1 2 3 3 
  2 1 2 
  2 1 2 

44

2 1 4 4 
2 2 4 4 
  2 3 3 
1 2 1 2 
  2 1 2 

43

  1 4 4 
2 2 4 4 
2 2 3 3 
1 2 1 2 
  2 1 2 

42

1   4 4 
2 2 4 4 
2 2 3 3 
1 2 1 2 
  2 1 2 

41

1 2 4 4 
2 2 4 4 
2   3 3 
1 2 1 2 
  2 1 2 

40

1 2 4 4 
2 2 4 4 
2 2 3 3 
1 2 1 2 
    1 2 

39

1 2 4 4 
2 2 4 4 
2 2 3 3 
1 2 1 2 
  1   2 

38

1 2 4 4 
2 2 4 4 
2 2 3 3 
1 2   2 
  1 1 2 

37

1 2 4 4 
2 2 4 4 
2 2 3 3 
1 2   2 
1   1 2 

36

1 2 4 4 
2 2 4 4 
2   3 3 
1 2   2 
1 2 1 2 

35

1 2 4 4 
2 2 4 4 
2 3 3   
1 2   2 
1 2 1 2 

34

1 2 4 4 
2 2 4 4 
2 3 3 2 
1 2   2 
1 2 1   

33

1 2 4 4 
2 2 4 4 
2 3 3 2 
1 2   2 
1 2   1 

32

1 2 4 4 
2 2 4 4 
2 3 3 2 
1   2 2 
1   2 1 

31

1 2 4 4 
2 2 4 4 
2 3 3 2 
1   2 2 
  1 2 1 

30

1 2 4 4 
2 2 4 4 
2 3 3 2 
  1 2 2 
  1 2 1 

29

1 2 4 4 
  2 4 4 
2 3 3 2 
2 1 2 2 
  1 2 1 

28

1 2 4 4 
  2 4 4 
  3 3 2 
2 1 2 2 
2 1 2 1 

27

  2 4 4 
1 2 4 4 
  3 3 2 
2 1 2 2 
2 1 2 1 

26

  2 4 4 
  2 4 4 
1 3 3 2 
2 1 2 2 
2 1 2 1 

25

2   4 4 
2   4 4 
1 3 3 2 
2 1 2 2 
2 1 2 1 

24

2 4 4   
2 4 4   
1 3 3 2 
2 1 2 2 
2 1 2 1 

23

2 4 4   
2 4 4 2 
1 3 3 2 
2 1 2   
2 1 2 1 

22

2 4 4 2 
2 4 4 2 
1 3 3   
2 1 2   
2 1 2 1 

21

2 4 4 2 
2 4 4 2 
1   3 3 
2 1 2   
2 1 2 1 

20

2 4 4 2 
2 4 4 2 
  1 3 3 
2 1 2   
2 1 2 1 

19

2 4 4 2 
2 4 4 2 
2 1 3 3 
2 1 2   
  1 2 1 

18

2 4 4 2 
2 4 4 2 
2 1 3 3 
2 1 2   
1   2 1 

17

2 4 4 2 
2 4 4 2 
2 1 3 3 
2   2   
1 1 2 1 

16

2 4 4 2 
2 4 4 2 
2 1 3 3 
2   2 1 
1 1 2   

15

2 4 4 2 
2 4 4 2 
2   3 3 
2 1 2 1 
1 1 2   

14

2 4 4 2 
2 4 4 2 
2 3 3   
2 1 2 1 
1 1 2   

13

2 4 4 2 
2 4 4 2 
2 3 3 1 
2 1 2   
1 1 2   

12

2 4 4 2 
2 4 4 2 
2 3 3 1 
2 1   2 
1 1   2 

11

2 4 4 2 
2 4 4 2 
2 3 3 1 
2 1   2 
1   1 2 

10

2 4 4 2 
2 4 4 2 
2 3 3 1 
2 1   2 
  1 1 2 

9

2 4 4 2 
2 4 4 2 
  3 3 1 
2 1   2 
2 1 1 2 

8

2 4 4 2 
2 4 4 2 
3 3   1 
2 1   2 
2 1 1 2 

7

2 4 4 2 
2 4 4 2 
3 3 1   
2 1   2 
2 1 1 2 

6

2 4 4 2 
2 4 4 2 
3 3 1 2 
2 1   2 
2 1 1   

5

2 4 4 2 
2 4 4 2 
3 3 1 2 
2 1   2 
2 1   1 

4

2 4 4 2 
2 4 4 2 
3 3   2 
2 1 1 2 
2 1   1 

3

2 4 4 2 
2 4 4 2 
  3 3 2 
2 1 1 2 
2 1   1 

2

2 4 4 2 
2 4 4 2 
2 3 3 2 
2 1 1 2 
  1   1 

1

2 4 4 2 
2 4 4 2 
2 3 3 2 
2 1 1 2 
1     1 

0
